a,b,c,2,Single,User
